     0.000      2.685      0.598      3.686      4.171      4.888      6.751      0.454      2.253      4.116      2.996
     2.815      0.000      2.255      1.391      2.223      1.897      3.693      2.384      1.583      1.737      2.203
     0.733      1.992      0.000      2.737      3.746      4.416      5.225      0.686      1.869      4.045      2.726
     3.405      1.456      2.942      0.000      2.490      2.528      5.244      3.304      3.222      2.478      4.450
     5.728      2.032      3.587      2.787      0.000      0.203      2.651      4.246      3.284      1.323      3.679
     4.650      2.036      3.839      2.334      0.220      0.000      2.776      5.137      2.875      1.216      3.119
     6.445      4.470      5.876      5.343      3.239      3.447      0.000      5.827      3.579      2.288      2.874
     0.573      2.309      0.745      3.403      5.097      3.993      6.900      0.000      1.992      3.855      2.651
     2.297      1.586      1.413      3.045      2.788      2.684      3.206      2.511      0.000      2.139      0.981
     4.001      1.918      3.435      2.809      1.633      1.390      2.217      4.580      1.992      0.000      1.976
     2.599      2.629      2.008      3.308      3.601      3.068      3.329      3.465      1.072      2.304      0.000